0 1090.0
1 1085.0
2 1080.0
3 1075.0
4 1070.0
5 1075.0
6 1070.0
7 1065.0
8 1060.0
9 1065.0
10 1070.0
11 1075.0
12 1080.0
13 1085.0
14 1090.0
15 1095.0
16 1100.0
17 1095.0
18 1100.0
19 1095.0
20 1090.0
21 1085.0
22 1080.0
23 1075.0
24 1080.0
25 1075.0
26 1080.0
27 1085.0
28 1080.0
29 1075.0
30 1080.0
31 1075.0
32 1070.0
33 1065.0
34 1060.0
35 1065.0
36 1060.0
37 1065.0
38 1070.0
39 1065.0
40 1070.0
41 1075.0
42 1070.0
43 1065.0
44 1070.0
45 1075.0
46 1080.0
47 1085.0
48 1080.0
49 1075.0
50 1080.0
51 1085.0
52 1090.0
53 1085.0
54 1090.0
55 1085.0
56 1090.0
57 1095.0
58 1100.0
59 1105.0
60 1100.0
61 1095.0
62 1090.0
63 1085.0
64 1080.0
65 1075.0
66 1070.0
67 1115.0
68 1120.0
69 1125.0
70 1120.0
71 1125.0
72 1130.0
