0 0
1 1395.0
2 1390.0
3 1395.0
4 1390.0
5 1395.0
6 1400.0
7 1395.0
8 1390.0
9 1385.0
10 1390.0
11 1385.0
12 1380.0
13 1375.0
14 1380.0
15 1385.0
16 1390.0
17 1385.0
18 1390.0
19 1395.0
20 1390.0
21 1395.0
22 1390.0
23 1395.0
24 1390.0
25 1385.0
26 1380.0
27 1385.0
28 1390.0
29 1385.0
30 1390.0
31 1395.0
32 1400.0
33 1405.0
34 122.0
35 117.0
36 112.0
37 107.0
38 112.0
39 117.0
40 122.0
41 127.0
42 132.0
43 1410.0
44 127.0
45 132.0
46 127.0
47 132.0
48 127.0
49 132.0
50 137.0
51 1415.0
52 142.0
53 1420.0
54 147.0
55 1425.0
56 152.0
