0 347.5
1 348.0
2 345.5
3 347.0
4 348.5
5 349.0
6 349.5
7 350.0
8 350.5
9 351.0
10 351.5
11 352.0
12 352.5
13 353.0
14 353.5
15 354.0
16 354.5
17 355.0
18 355.5
19 356.0
20 353.5
21 355.0
22 356.5
23 354.0
24 355.5
25 357.0
26 357.5
27 358.0
28 358.5
29 359.0
30 359.5
31 360.0
32 360.5
33 358.0
34 359.5
35 361.0
36 361.5
37 362.0
38 362.5
39 363.0
40 363.5
41 364.0
42 361.5
43 363.0
44 364.5
45 365.0
46 365.5
47 366.0
48 366.5
49 367.0
50 367.5
51 368.0
52 368.5
53 369.0
54 369.5
55 370.0
56 370.5
57 371.0
58 371.5
59 372.0
60 369.5
61 371.0
62 372.5
63 373.0
64 370.5
65 372.0
66 373.5
67 374.0
68 371.5
69 373.0
70 374.5
71 375.0
72 375.5
73 376.0
74 376.5
75 377.0
76 374.5
77 376.0
78 377.5
79 375.0
80 376.5
81 378.0
82 378.5
83 379.0
84 379.5
85 380.0
86 380.5
87 378.0
88 379.5
89 381.0
90 381.5
91 379.0
92 380.5
93 382.0
94 382.5
95 380.0
96 381.5
97 383.0
98 380.5
99 382.0
100 383.5
101 384.0
102 384.5
103 385.0
104 385.5
105 386.0
106 386.5
107 387.0
108 387.5
109 388.0
110 388.5
111 389.0
112 389.5
113 387.0
114 388.5
115 390.0
116 390.5
117 391.0
118 391.5
119 392.0
120 392.5
121 393.0
122 393.5
123 391.0
124 392.5
125 394.0
126 394.5
127 395.0
128 395.5
129 396.0
130 396.5
131 397.0
132 397.5
133 398.0
134 398.5
135 399.0
136 399.5
137 400.0
