0 212.0
1 217.0
2 222.0
3 217.0
4 212.0
5 217.0
6 212.0
7 207.0
8 212.0
9 217.0
10 212.0
11 207.0
12 212.0
13 217.0
14 222.0
15 217.0
16 212.0
17 207.0
18 212.0
19 217.0
20 212.0
21 217.0
22 222.0
23 227.0
24 222.0
25 217.0
26 222.0
27 217.0
28 212.0
29 207.0
30 202.0
31 197.0
32 202.0
33 207.0
34 212.0
35 207.0
36 212.0
37 207.0
38 212.0
39 217.0
40 222.0
41 227.0
42 222.0
43 227.0
44 222.0
45 217.0
46 222.0
47 227.0
48 222.0
49 217.0
50 212.0
51 217.0
52 212.0
53 207.0
54 212.0
55 207.0
56 202.0
57 197.0
58 202.0
59 197.0
60 202.0
61 197.0
62 202.0
63 197.0
64 192.0
65 187.0
66 182.0
67 187.0
68 182.0
69 177.0
70 172.0
71 167.0
72 172.0
73 177.0
74 182.0
75 187.0
76 182.0
77 177.0
78 172.0
79 167.0
80 172.0
81 167.0
82 172.0
83 167.0
84 172.0
85 167.0
86 172.0
