0 701.0
1 702.0
2 703.0
3 704.0
4 705.0
5 706.0
6 707.0
7 708.0
8 709.0
9 710.0
10 711.0
11 712.0
12 713.0
13 714.0
14 715.0
15 716.0
16 717.0
17 718.0
18 719.0
19 720.0
20 721.0
21 722.0
22 723.0
23 724.0
24 725.0
25 720.0
26 723.0
27 726.0
28 727.0
29 722.0
30 725.0
31 728.0
32 723.0
33 726.0
34 711.0
35 686.0
36 651.0
37 660.0
38 669.0
39 624.0
40 635.0
41 646.0
42 657.0
43 602.0
44 615.0
45 550.0
46 565.0
47 580.5
48 595.5
49 520.5
50 537.5
51 554.5
52 571.5
53 588.5
54 605.5
55 622.5
56 639.5
57 656.5
58 673.5
59 690.5
60 707.5
61 622.5
62 641.5
63 546.5
64 441.5
