0 1286.0
1 1296.0
2 1306.0
3 1316.0
4 1326.0
5 1316.0
6 1306.0
7 1296.0
8 1286.0
9 1296.0
10 1286.0
11 1296.0
12 1286.0
13 1276.0
14 1266.0
15 1276.0
16 1286.0
17 1296.0
18 1286.0
19 1296.0
20 1306.0
21 1296.0
22 1286.0
23 1296.0
24 1306.0
25 1316.0
26 1326.0
27 1316.0
28 1306.0
29 1296.0
30 1286.0
31 1276.0
32 1286.0
33 1276.0
34 1266.0
35 1276.0
36 1266.0
37 1256.0
38 1266.0
39 1256.0
40 1266.0
41 1276.0
42 1266.0
43 1276.0
44 1266.0
45 1276.0
46 1266.0
47 1276.0
48 1266.0
49 1276.0
50 1266.0
51 1276.0
52 1266.0
53 1276.0
54 1286.0
55 1296.0
56 1286.0
57 1276.0
58 1286.0
59 1276.0
60 1266.0
61 1276.0
62 1286.0
63 1296.0
64 1286.0
65 1276.0
66 1266.0
67 1256.0
68 1266.0
69 1256.0
70 1246.0
71 1236.0
72 1246.0
73 1256.0
74 1246.0
75 1236.0
76 1226.0
77 1236.0
78 1226.0
79 1236.0
80 1226.0
81 1236.0
82 1246.0
83 1256.0
84 1246.0
85 1236.0
86 1246.0
87 1236.0
88 1226.0
89 1236.0
90 1246.0
91 1256.0
92 1246.0
93 1256.0
94 1246.0
95 1236.0
96 1226.0
97 1236.0
98 1246.0
99 1236.0
100 1226.0
101 1236.0
102 1226.0
103 1236.0
