0 1370.0
1 1360.0
2 1350.0
3 1360.0
4 1350.0
5 1360.0
6 1350.0
7 1360.0
8 1350.0
9 1340.0
10 1350.0
11 1340.0
12 1350.0
13 1360.0
14 1350.0
15 1340.0
16 1330.0
17 1340.0
18 1330.0
19 1340.0
20 1350.0
21 1340.0
22 1330.0
23 1340.0
24 1330.0
25 1320.0
26 1330.0
27 1340.0
28 1350.0
29 1340.0
30 1330.0
31 1340.0
32 1330.0
33 1320.0
34 1310.0
35 1320.0
36 1310.0
37 1300.0
38 1310.0
39 1300.0
40 1310.0
41 1300.0
42 1310.0
43 1320.0
44 1310.0
45 1300.0
46 1290.0
47 1300.0
48 1310.0
49 1300.0
50 1290.0
51 1280.0
52 1290.0
53 1300.0
54 1310.0
55 1320.0
56 1330.0
57 1331.0
58 1332.0
59 1331.0
60 1332.0
61 1333.0
62 1332.0
63 1331.0
64 1330.0
65 1329.0
66 1328.0
67 1327.0
68 1326.0
69 1325.0
70 1326.0
71 1327.0
72 1328.0
73 1327.0
74 1326.0
75 1327.0
76 1337.0
77 1347.0
78 1337.0
79 1347.0
80 1357.0
81 1367.0
82 1377.0
83 1387.0
84 1397.0
85 1387.0
86 1397.0
87 1407.0
88 1397.0
89 1407.0
90 1417.0
91 1407.0
92 1417.0
93 1407.0
94 1417.0
95 1427.0
96 1437.0
97 1427.0
98 1437.0
99 1447.0
100 1457.0
101 1467.0
102 1457.0
103 1447.0
104 1457.0
105 1467.0
106 1457.0
107 1467.0
108 1477.0
109 1487.0
110 1477.0
111 1487.0
112 1497.0
113 1507.0
114 1517.0
115 1527.0
116 1517.0
117 1507.0
118 1497.0
119 1507.0
120 1517.0
121 1527.0
122 1537.0
123 1547.0
124 1537.0
125 1547.0
126 1557.0
127 1567.0
128 1557.0
129 1547.0
130 1557.0
131 1567.0
132 1557.0
133 1567.0
134 1557.0
135 1567.0
136 1557.0
137 1567.0
138 1577.0
139 1587.0
140 1597.0
141 1607.0
142 1597.0
143 1607.0
144 1617.0
145 1627.0
146 1617.0
147 1627.0
148 1617.0
149 1627.0
150 1637.0
151 1627.0
152 1637.0
153 1627.0
154 1637.0
155 1627.0
156 1637.0
157 1647.0
158 1657.0
159 1647.0
160 1637.0
161 1627.0
162 1617.0
163 1627.0
164 1617.0
165 1627.0
166 1637.0
167 1627.0
168 1617.0
169 1607.0
170 1597.0
171 1587.0
172 1597.0
173 1607.0
174 1597.0
175 1607.0
176 1617.0
177 1607.0
178 1617.0
179 1607.0
180 1617.0
181 1607.0
182 1597.0
183 1587.0
184 1597.0
185 1587.0
186 1597.0
187 1607.0
188 1617.0
189 1607.0
190 1597.0
191 1607.0
192 1597.0
193 1607.0
194 1617.0
195 1607.0
196 1597.0
197 1607.0
198 1597.0
199 1607.0
200 1597.0
201 1587.0
202 1597.0
203 1607.0
204 1597.0
205 1607.0
206 1597.0
207 1587.0
208 1577.0
209 1567.0
210 1557.0
211 1567.0
212 1557.0
213 1547.0
214 1557.0
215 1567.0
216 1557.0
217 1567.0
218 1557.0
219 1547.0
220 1537.0
221 1527.0
222 1517.0
223 1507.0
224 1497.0
225 1507.0
226 1497.0
227 1507.0
228 1497.0
229 1507.0
230 1497.0
231 1507.0
232 1497.0
233 1487.0
234 1497.0
235 1487.0
236 1477.0
237 1467.0
238 1457.0
239 1467.0
240 1477.0
241 1487.0
242 1477.0
243 1487.0
244 1497.0
245 1507.0
246 1497.0
247 1487.0
248 1497.0
249 1487.0
250 1497.0
251 1507.0
252 1517.0
253 1527.0
254 1537.0
255 1527.0
256 1537.0
257 1527.0
258 1517.0
259 1527.0
260 1537.0
261 1527.0
262 1537.0
263 1547.0
264 1557.0
265 1567.0
266 1577.0
267 1567.0
268 1557.0
269 1567.0
270 1577.0
271 1567.0
272 1577.0
273 1567.0
274 1557.0
275 1567.0
276 1557.0
277 1567.0
278 1557.0
279 1567.0
280 1557.0
281 1567.0
282 1577.0
283 1587.0
284 1577.0
285 1587.0
286 1597.0
287 1587.0
288 1577.0
289 1587.0
290 1597.0
291 1607.0
292 1617.0
293 1627.0
294 1637.0
295 1647.0
296 1637.0
297 1627.0
298 1617.0
299 1627.0
300 1617.0
301 1607.0
302 1597.0
303 1607.0
304 1617.0
305 1607.0
306 1617.0
307 1607.0
308 1617.0
309 1607.0
310 1597.0
311 1607.0
312 1617.0
313 1607.0
314 1597.0
315 1587.0
316 1597.0
317 1607.0
318 1617.0
319 1627.0
320 1637.0
321 1627.0
322 1617.0
323 1627.0
324 1637.0
325 1627.0
326 1637.0
327 1627.0
328 1637.0
329 1647.0
330 1637.0
331 1647.0
332 1657.0
333 1647.0
334 1657.0
335 1667.0
336 1677.0
337 1687.0
338 1697.0
339 1687.0
340 1677.0
341 1687.0
342 1697.0
343 1687.0
344 1697.0
345 1707.0
346 1717.0
347 1727.0
348 1737.0
349 1727.0
350 1737.0
351 1747.0
352 1737.0
353 1747.0
354 1757.0
355 1767.0
356 1757.0
357 1747.0
358 1757.0
359 1767.0
360 1777.0
361 1767.0
362 1777.0
363 1767.0
364 1777.0
365 1767.0
366 1757.0
367 1747.0
368 1757.0
369 1767.0
370 1757.0
371 1747.0
372 1757.0
373 1767.0
374 1757.0
375 1747.0
376 1737.0
377 1727.0
378 1717.0
379 1727.0
380 1737.0
381 1727.0
382 1717.0
383 1707.0
384 1717.0
385 1707.0
386 1697.0
387 1707.0
388 1717.0
389 1707.0
390 1697.0
391 1687.0
392 1677.0
393 1687.0
394 1677.0
395 1667.0
396 1657.0
397 1647.0
398 1637.0
399 1627.0
400 1637.0
401 1647.0
402 1657.0
403 1647.0
404 1637.0
405 1647.0
406 1657.0
407 1667.0
408 1657.0
409 1647.0
410 1637.0
411 1647.0
412 1657.0
413 1647.0
414 1657.0
415 1647.0
416 1637.0
417 1627.0
418 1637.0
419 1627.0
420 1637.0
421 1627.0
422 1617.0
423 1607.0
424 1617.0
425 1607.0
426 1597.0
427 1607.0
428 1617.0
429 1607.0
430 1597.0
431 1607.0
432 1597.0
433 1587.0
434 1577.0
435 1587.0
436 1577.0
437 1567.0
438 1557.0
439 1567.0
440 1557.0
441 1547.0
442 1537.0
443 1527.0
444 1537.0
445 1547.0
446 1557.0
447 1567.0
448 1557.0
449 1567.0
450 1557.0
451 1547.0
452 1557.0
453 1547.0
454 1537.0
455 1527.0
456 1537.0
457 1527.0
458 1517.0
459 1507.0
460 1497.0
461 1507.0
462 1517.0
463 1507.0
464 1497.0
465 1487.0
466 1477.0
467 1467.0
468 1477.0
469 1467.0
470 1477.0
471 1467.0
472 1477.0
473 1487.0
474 1477.0
475 1487.0
476 1477.0
477 1467.0
478 1457.0
479 1467.0
480 1457.0
481 1447.0
482 1437.0
483 1427.0
484 1417.0
485 1407.0
486 1417.0
487 1427.0
488 1417.0
489 1407.0
490 1397.0
491 1387.0
492 1397.0
493 1407.0
494 1417.0
495 1427.0
496 1437.0
497 1447.0
498 1437.0
499 1447.0
500 1457.0
501 1447.0
502 1437.0
503 1427.0
504 1437.0
505 1427.0
506 1417.0
507 1427.0
508 1417.0
509 1427.0
510 1417.0
511 1407.0
512 1417.0
513 1427.0
514 1417.0
515 1427.0
516 1417.0
517 1427.0
518 1417.0
519 1407.0
520 1397.0
521 1407.0
522 1417.0
523 1407.0
524 1397.0
525 1387.0
526 1397.0
527 1387.0
528 1377.0
529 1367.0
530 1357.0
531 1347.0
532 1337.0
533 1347.0
534 1357.0
535 1347.0
536 1337.0
537 1347.0
