0 1085.0
1 1080.0
2 1075.0
3 1070.0
4 1065.0
5 1060.0
6 1055.0
7 1050.0
8 1055.0
9 1060.0
10 1065.0
11 1070.0
12 1065.0
13 1060.0
14 1055.0
15 1050.0
16 1055.0
17 1050.0
18 1045.0
19 1050.0
20 1045.0
21 1050.0
22 1045.0
23 1040.0
24 1035.0
25 1040.0
26 1045.0
27 1050.0
28 1045.0
29 1050.0
30 1055.0
31 1060.0
32 1065.0
33 1070.0
34 1075.0
35 1070.0
36 1075.0
37 1080.0
38 1075.0
39 1070.0
40 1065.0
41 1070.0
42 1075.0
43 1070.0
44 1065.0
45 1070.0
46 1065.0
47 1060.0
48 1055.0
49 1050.0
50 1055.0
51 1060.0
52 1065.0
53 1070.0
54 1065.0
55 1060.0
56 1055.0
57 1050.0
58 1045.0
59 1050.0
60 1045.0
61 1040.0
62 1045.0
63 1040.0
64 1045.0
65 1040.0
66 1045.0
67 1040.0
68 1045.0
69 1050.0
70 1055.0
71 1050.0
72 1045.0
73 1050.0
74 1045.0
75 1050.0
76 1055.0
77 1060.0
78 1055.0
79 1060.0
80 1055.0
81 1060.0
82 1055.0
83 1060.0
84 1055.0
85 1050.0
86 1045.0
87 1050.0
88 1055.0
89 1050.0
90 1045.0
91 1050.0
92 1055.0
93 1060.0
94 1065.0
95 1070.0
96 1065.0
97 1060.0
98 1065.0
99 1060.0
100 1055.0
101 1060.0
102 1055.0
103 1060.0
104 1055.0
105 1050.0
106 1055.0
107 1060.0
108 1055.0
109 1050.0
110 1045.0
111 1040.0
112 1035.0
113 1040.0
114 1045.0
115 1050.0
116 1045.0
117 1050.0
118 1055.0
119 1050.0
120 1045.0
121 1040.0
122 1035.0
123 1040.0
124 1045.0
125 1040.0
126 1045.0
127 1050.0
128 1055.0
129 1060.0
130 1065.0
131 1070.0
132 1065.0
133 1060.0
134 1055.0
135 1050.0
136 1045.0
137 1050.0
138 1045.0
139 1050.0
140 1045.0
141 1050.0
142 1055.0
143 1050.0
144 1045.0
145 1040.0
146 1045.0
147 1050.0
148 1045.0
149 1050.0
150 1055.0
151 1060.0
152 1065.0
153 1060.0
154 1055.0
155 1050.0
156 1055.0
157 1060.0
158 1055.0
159 1050.0
160 1055.0
161 1060.0
162 1055.0
163 1060.0
164 1055.0
165 1060.0
166 1065.0
167 1070.0
168 1065.0
169 1060.0
170 1055.0
171 1050.0
172 1045.0
173 1050.0
174 1055.0
175 1050.0
176 1045.0
177 1050.0
178 1045.0
179 1040.0
180 1045.0
181 1040.0
182 1045.0
183 1050.0
184 1055.0
185 1060.0
186 1055.0
187 1060.0
188 1055.0
189 1060.0
190 1055.0
191 1060.0
192 1065.0
193 1070.0
194 1065.0
195 1060.0
196 1065.0
197 1070.0
198 1065.0
199 1060.0
200 1055.0
201 1050.0
202 1045.0
203 1040.0
204 1045.0
205 1050.0
206 1045.0
207 1050.0
208 1045.0
209 1040.0
210 1035.0
211 1040.0
212 1035.0
213 1040.0
214 1045.0
215 1050.0
216 1055.0
217 1060.0
218 1055.0
219 1050.0
220 1045.0
221 1050.0
222 1045.0
223 1040.0
224 1035.0
225 1030.0
226 1025.0
227 1030.0
228 1035.0
229 1040.0
230 1045.0
231 1050.0
232 1045.0
233 1050.0
234 1045.0
235 1050.0
236 1055.0
237 1060.0
238 1065.0
239 1060.0
240 1065.0
241 1070.0
242 1065.0
243 1070.0
244 1065.0
245 1070.0
246 1065.0
247 1060.0
248 1055.0
249 1050.0
250 1045.0
251 1050.0
252 1055.0
253 1050.0
254 1045.0
255 1040.0
256 1035.0
257 1040.0
258 1035.0
259 1030.0
260 1025.0
261 1020.0
262 1025.0
263 1030.0
264 1035.0
265 1040.0
266 1045.0
267 1050.0
268 1055.0
269 1050.0
270 1055.0
271 1050.0
272 1055.0
273 1050.0
274 1045.0
275 1050.0
276 1055.0
277 1050.0
278 1045.0
279 1050.0
280 1045.0
281 1050.0
282 1055.0
283 1060.0
284 1055.0
285 1050.0
286 1055.0
287 1050.0
288 1055.0
289 1060.0
290 1065.0
291 1060.0
292 1065.0
293 1060.0
294 1065.0
295 1060.0
296 1055.0
297 1050.0
298 1055.0
299 1060.0
300 1055.0
301 1050.0
302 1045.0
303 1040.0
304 1035.0
305 1030.0
306 1035.0
307 1040.0
308 1045.0
309 1050.0
310 1055.0
311 1050.0
312 1055.0
313 1050.0
314 1055.0
315 1050.0
316 1055.0
317 1050.0
318 1055.0
319 1060.0
320 1065.0
321 1060.0
322 1065.0
323 1060.0
324 1055.0
325 1060.0
326 1055.0
327 1060.0
328 1055.0
329 1060.0
330 1065.0
331 1070.0
332 1065.0
333 1060.0
334 1055.0
335 1060.0
336 1065.0
337 1060.0
338 1065.0
339 1060.0
340 1055.0
341 1050.0
342 1045.0
343 1050.0
344 1055.0
345 1060.0
346 1055.0
347 1050.0
348 1055.0
349 1050.0
350 1055.0
351 1060.0
352 1055.0
353 1060.0
354 1065.0
355 1070.0
356 1075.0
357 1080.0
358 1075.0
359 1080.0
360 1085.0
361 1080.0
362 1075.0
363 1070.0
364 1075.0
365 1070.0
366 1075.0
367 1080.0
368 1075.0
369 1080.0
370 1075.0
371 1080.0
372 1075.0
373 1080.0
374 1075.0
375 1070.0
376 1065.0
377 1070.0
378 1075.0
379 1070.0
380 1065.0
381 1060.0
382 1055.0
383 1060.0
384 1055.0
385 1060.0
386 1065.0
387 1070.0
388 1065.0
389 1060.0
390 1065.0
391 1070.0
392 1075.0
393 1080.0
394 1085.0
395 1090.0
396 1095.0
397 1090.0
398 1095.0
399 1100.0
