0 1326.0
1 1336.0
2 1346.0
3 1336.0
4 1346.0
5 1356.0
6 1366.0
7 1356.0
8 1366.0
9 1376.0
10 1386.0
11 1376.0
12 1386.0
13 1376.0
14 1366.0
15 1356.0
16 1346.0
17 1336.0
18 1326.0
19 1336.0
20 1346.0
21 1336.0
22 1326.0
23 1336.0
24 1326.0
25 1336.0
26 1326.0
27 1316.0
28 1306.0
29 1296.0
30 1286.0
31 1276.0
32 1286.0
33 1296.0
34 1286.0
35 1296.0
36 1286.0
37 1276.0
38 1286.0
39 1296.0
40 1286.0
41 1276.0
42 1266.0
43 1256.0
44 1246.0
45 1236.0
46 1246.0
47 1236.0
48 1246.0
49 1236.0
50 1226.0
51 1236.0
52 1246.0
53 1236.0
54 1226.0
55 1216.0
