0 1310.0
1 1310.0
2 1315.0
3 1310.0
4 1315.0
5 1310.0
6 1315.0
7 1320.0
8 1315.0
9 1310.0
10 1315.0
11 1320.0
12 1325.0
13 1330.0
14 1325.0
15 1330.0
16 1325.0
17 1330.0
18 1325.0
19 1330.0
20 1325.0
21 1330.0
22 1335.0
23 1330.0
24 1325.0
25 1320.0
26 1315.0
27 1310.0
28 1305.0
29 1300.0
30 1295.0
31 1300.0
32 1295.0
33 1300.0
34 1305.0
35 1300.0
36 1305.0
37 1310.0
38 1315.0
39 1310.0
40 1315.0
41 1310.0
42 1315.0
43 1320.0
44 1325.0
45 1320.0
46 1315.0
47 1310.0
48 1305.0
49 1310.0
50 1315.0
51 1310.0
52 1305.0
53 1300.0
54 1295.0
55 1290.0
56 1285.0
57 1290.0
58 1285.0
59 1280.0
60 1275.0
61 1270.0
62 1275.0
63 1280.0
64 1285.0
65 1280.0
66 1275.0
67 1280.0
68 1275.0
69 1270.0
70 1275.0
71 1280.0
72 1275.0
73 1280.0
74 1285.0
75 1280.0
76 1275.0
77 1280.0
78 1285.0
79 1280.0
80 1275.0
81 1280.0
82 1275.0
83 1280.0
84 1285.0
85 1290.0
86 1285.0
87 1280.0
88 1275.0
89 1280.0
90 1275.0
91 1280.0
92 1285.0
93 1290.0
94 1295.0
95 1290.0
96 1285.0
97 1290.0
98 1285.0
99 1280.0
100 1285.0
101 1280.0
102 1285.0
103 1290.0
104 1295.0
105 1300.0
106 1295.0
107 1290.0
108 1285.0
109 1280.0
110 1275.0
111 1280.0
112 1285.0
113 1290.0
114 1295.0
115 1300.0
116 1295.0
117 1300.0
118 1295.0
119 1290.0
120 1285.0
121 1290.0
122 1295.0
123 1290.0
124 1295.0
125 1300.0
126 1295.0
127 1300.0
128 1295.0
129 1300.0
130 1295.0
131 1290.0
132 1285.0
133 1280.0
134 1275.0
135 1270.0
136 1265.0
137 1270.0
138 1275.0
139 1280.0
140 1285.0
141 1290.0
142 1295.0
143 1300.0
144 1305.0
145 1310.0
146 1305.0
147 1310.0
148 1305.0
149 1310.0
150 1305.0
151 1300.0
152 1295.0
153 1290.0
154 1285.0
155 1290.0
156 1285.0
157 1280.0
158 1285.0
159 1290.0
160 1295.0
161 1300.0
162 1305.0
163 1300.0
164 1305.0
165 1310.0
166 1315.0
167 1310.0
168 1305.0
169 1300.0
170 1305.0
171 1310.0
172 1305.0
173 1310.0
174 1315.0
175 1310.0
176 1315.0
177 1320.0
178 1315.0
179 1310.0
180 1315.0
181 1310.0
182 1315.0
183 1320.0
184 1325.0
185 1320.0
186 1325.0
187 1330.0
188 1335.0
189 1340.0
190 1345.0
191 1340.0
192 1345.0
193 1350.0
194 1345.0
195 1350.0
196 1355.0
197 1350.0
198 1355.0
199 1360.0
200 1365.0
201 1370.0
202 1365.0
203 1360.0
204 1365.0
205 1360.0
206 1365.0
207 1370.0
208 1375.0
209 1370.0
210 1375.0
211 1370.0
212 1365.0
213 1370.0
214 1365.0
215 1360.0
216 1365.0
217 1360.0
218 1365.0
219 1360.0
220 1365.0
221 1370.0
222 1375.0
223 1380.0
224 1375.0
225 1370.0
226 1375.0
227 1370.0
228 1365.0
229 1370.0
230 1375.0
231 1380.0
232 1385.0
233 1380.0
234 1375.0
235 1370.0
236 1365.0
237 1370.0
238 1375.0
239 1370.0
240 1365.0
241 1370.0
242 1375.0
243 1370.0
244 1365.0
245 1370.0
246 1375.0
247 1380.0
248 1385.0
249 1390.0
250 1395.0
251 1390.0
252 1395.0
253 1400.0
254 1405.0
255 1400.0
256 1405.0
257 1410.0
258 1405.0
259 1400.0
260 1405.0
261 1400.0
262 1395.0
263 1390.0
264 1385.0
265 1380.0
266 1385.0
267 1390.0
268 1385.0
269 1390.0
270 1395.0
271 1390.0
272 1395.0
273 1400.0
274 1405.0
275 1400.0
276 1405.0
277 1400.0
278 1405.0
279 1410.0
280 1415.0
281 1410.0
282 1405.0
283 1400.0
284 1395.0
285 1400.0
286 1405.0
287 1400.0
288 1395.0
289 1400.0
290 1405.0
291 1410.0
292 1405.0
293 1400.0
294 1405.0
295 1400.0
296 1405.0
297 1400.0
298 1405.0
299 1410.0
300 1415.0
301 1420.0
302 1425.0
303 1420.0
304 1415.0
305 1410.0
306 1405.0
307 1400.0
308 1395.0
309 1400.0
310 1395.0
311 1400.0
312 1395.0
313 1390.0
314 1395.0
315 1390.0
316 1395.0
317 1390.0
318 1395.0
319 1390.0
320 1395.0
321 1400.0
322 1405.0
323 1410.0
324 1415.0
325 1410.0
326 1415.0
327 1410.0
328 1405.0
329 1410.0
330 1415.0
331 1410.0
332 1405.0
333 1410.0
334 1415.0
335 1410.0
336 1415.0
337 1420.0
338 1425.0
339 1420.0
340 1415.0
341 1410.0
342 1415.0
343 1420.0
344 1425.0
345 1420.0
346 1415.0
347 1410.0
348 1415.0
349 1410.0
350 1415.0
351 1420.0
352 1415.0
353 1420.0
354 1415.0
355 1410.0
356 1415.0
357 1410.0
358 1405.0
359 1400.0
360 1395.0
361 1400.0
362 1395.0
363 1390.0
364 1385.0
365 1380.0
366 1375.0
367 1370.0
368 1375.0
369 1370.0
370 1375.0
371 1380.0
372 1375.0
373 1380.0
374 1385.0
375 1380.0
376 1385.0
377 1380.0
378 1375.0
379 1370.0
380 1365.0
381 1370.0
382 1375.0
383 1370.0
384 1365.0
385 1370.0
386 1365.0
387 1370.0
388 1365.0
389 1370.0
390 1375.0
391 1380.0
392 1385.0
393 1390.0
394 1385.0
395 1390.0
396 1385.0
397 1380.0
398 1375.0
399 1370.0
400 1375.0
401 1380.0
402 1385.0
403 1380.0
