0 400.5
1 401.0
2 401.5
3 402.0
4 402.5
5 403.0
6 403.5
7 401.0
8 402.5
9 404.0
1 0404.5
11 402.0
12 403.5
13 405.0
14 405.5
15 406.0
16 403.5
17 405.0
18 406.5
19 407.0
20 404.5
21 406.0
22 407.5
23 405.0
24 406.5
25 408.0
26 408.5
27 406.0
28 407.5
29 409.0
30 406.5
31 408.0
32 409.5
33 410.0
34 407.5
35 409.0
36 401.5
37 406.0
38 410.5
39 411.0
40 411.5
41 412.0
42 409.5
43 411.0
44 412.5
45 413.0
46 410.5
47 403.0
48 375.5
49 394.5
50 413.5
51 411.0
52 412.5
53 414.0
54 414.5
55 415.0
56 415.5
57 413.0
58 405.5
59 411.0
60 383.5
61 400.0
62 416.5
63 417.0
64 417.5
65 418.0
66 418.5
67 416.0
68 417.5
69 419.0
70 416.5
71 418.0
72 419.5
73 420.0
74 420.5
75 421.0
76 421.5
77 422.0
78 419.5
79 421.0
80 422.5
81 423.0
82 423.5
83 424.0
84 424.5
85 422.0
86 423.5
87 425.0
88 425.5
89 426.0
90 426.5
91 424.0
92 425.5
93 427.0
94 427.5
95 428.0
96 428.5
97 429.0
98 429.5
99 430.0
100 430.5
101 431.0
102 431.5
103 432.0
104 432.5
105 433.0
106 430.5
107 432.0
108 433.5
109 434.0
110 431.5
111 433.0
112 434.5
113 435.0
114 435.5
115 436.0
116 436.5
117 437.0
118 437.5
119 438.0
120 438.5
121 439.0
122 439.5
123 437.0
124 438.5
125 440.0
126 437.5
127 439.0
128 440.5
129 441.0
130 438.5
131 440.0
132 441.5
133 442.0
134 442.5
135 443.0
136 443.5
137 441.0
138 442.5
139 435.0
140 439.5
141 417.0
142 430.5
143 363.0
144 403.5
145 201.0
146 0.0                                            
