0 1246.0
1 1236.0
2 1226.0
3 1216.0
4 1226.0
5 1236.0
6 1226.0
7 1236.0
8 1226.0
9 1236.0
10 1246.0
11 1236.0
12 1246.0
13 1236.0
14 1246.0
15 1236.0
16 1246.0
17 1256.0
18 1266.0
19 1256.0
20 1266.0
21 1276.0
22 1266.0
23 1256.0
24 1246.0
25 1256.0
26 1266.0
27 1256.0
28 1246.0
29 1256.0
30 1246.0
31 1256.0
32 1246.0
33 1256.0
34 1266.0
35 1276.0
36 1266.0
37 1276.0
38 1266.0
39 1256.0
40 1266.0
41 1256.0
42 1246.0
43 1256.0
44 1246.0
45 1256.0
46 1266.0
47 1256.0
48 1266.0
49 1276.0
50 1286.0
51 1276.0
52 1286.0
53 1296.0
54 1286.0
55 1296.0
56 1286.0
57 1276.0
58 1266.0
59 1256.0
60 1266.0
61 1276.0
62 1286.0
63 1276.0
64 1266.0
65 1276.0
66 1266.0
67 1256.0
68 1246.0
69 1236.0
70 1226.0
71 1216.0
72 1226.0
73 1236.0
74 1226.0
75 1216.0
76 1226.0
77 1236.0
78 1246.0
79 1236.0
80 1246.0
81 1236.0
82 1226.0
83 1216.0
84 1206.0
85 1196.0
86 1186.0
87 1196.0
88 1206.0
89 1216.0
90 1206.0
91 1216.0
92 1226.0
93 1216.0
94 1206.0
95 1216.0
96 1226.0
97 1236.0
98 1226.0
99 1216.0
100 1226.0
101 1216.0
102 1206.0
103 1196.0
104 1186.0
105 1176.0
106 1166.0
107 1156.0
108 1146.0
109 1156.0
110 1146.0
111 1156.0
112 1146.0
113 1136.0
114 1146.0
115 1156.0
116 1166.0
117 1176.0
118 1186.0
119 1196.0
120 1206.0
121 1196.0
122 1186.0
123 1196.0
124 1186.0
125 1196.0
126 1206.0
127 1196.0
128 1186.0
129 1176.0
130 1186.0
131 1196.0
132 1206.0
133 1196.0
134 1206.0
135 1196.0
136 1206.0
137 1216.0
138 1206.0
139 1196.0
140 1186.0
141 1196.0
142 1206.0
143 1196.0
144 1206.0
145 1216.0
146 1226.0
147 1216.0
148 1206.0
149 1196.0
150 1186.0
151 1196.0
152 1186.0
153 1176.0
154 1166.0
155 1156.0
156 1166.0
157 1156.0
158 1166.0
159 1156.0
160 1146.0
161 1136.0
162 1126.0
163 1136.0
164 1126.0
165 1116.0
166 1126.0
167 1136.0
168 1146.0
169 1136.0
170 1126.0
171 1116.0
172 1126.0
173 1116.0
174 1126.0
175 1116.0
176 1126.0
177 1116.0
178 1106.0
179 1116.0
180 1126.0
181 1136.0
182 1126.0
183 1116.0
184 1106.0
185 1116.0
186 1126.0
187 1116.0
188 1126.0
189 1136.0
190 1146.0
191 1136.0
192 1126.0
193 1136.0
194 1126.0
195 1116.0
196 1106.0
197 1096.0
198 1086.0
199 1076.0
200 1086.0
201 1076.0
202 1086.0
203 1096.0
204 1086.0
205 1096.0
206 1106.0
207 1116.0
208 1106.0
209 1116.0
210 1126.0
211 1116.0
212 1106.0
213 1116.0
214 1126.0
215 1136.0
216 1126.0
217 1136.0
218 1126.0
219 1136.0
220 1146.0
221 1136.0
222 1146.0
223 1156.0
224 1146.0
225 1156.0
226 1146.0
227 1136.0
228 1146.0
229 1136.0
230 1126.0
231 1116.0
232 1106.0
233 1096.0
234 1086.0
235 1096.0
236 1106.0
237 1096.0
238 1086.0
239 1076.0
240 1066.0
241 1056.0
242 1066.0
243 1076.0
244 1066.0
245 1076.0
246 1086.0
247 1076.0
248 1066.0
249 1056.0
250 1066.0
251 1056.0
252 1066.0
253 1076.0
254 1086.0
255 1096.0
256 1086.0
257 1076.0
258 1086.0
259 1076.0
260 1086.0
261 1096.0
262 1106.0
263 1116.0
264 1106.0
265 1096.0
266 1086.0
267 1076.0
268 1086.0
269 1096.0
270 1086.0
271 1076.0
272 1086.0
273 1076.0
274 1086.0
275 1096.0
276 1086.0
277 1076.0
278 1066.0
279 1076.0
280 1066.0
281 1076.0
282 1086.0
283 1096.0
284 1086.0
285 1096.0
286 1106.0
287 1096.0
288 1086.0
289 1096.0
290 1086.0
291 1076.0
292 1086.0
293 1076.0
294 1066.0
295 1076.0
296 1086.0
297 1076.0
298 1066.0
299 1056.0
300 1066.0
301 1076.0
302 1086.0
303 1096.0
304 1086.0
305 1096.0
306 1106.0
307 1116.0
308 1126.0
309 1116.0
310 1106.0
311 1096.0
312 1106.0
313 1096.0
314 1086.0
315 1096.0
316 1106.0
317 1116.0
318 1126.0
319 1116.0
320 1126.0
321 1116.0
322 1106.0
323 1096.0
324 1106.0
325 1096.0
326 1106.0
327 1096.0
328 1086.0
329 1096.0
330 1086.0
331 1076.0
332 1066.0
333 1056.0
334 1066.0
335 1076.0
336 1086.0
337 1096.0
338 1106.0
339 1096.0
340 1086.0
341 1096.0
342 1106.0
343 1116.0
344 1126.0
345 1136.0
346 1146.0
347 1156.0
348 1166.0
349 1156.0
350 1146.0
351 1156.0
352 1166.0
353 1176.0
354 1166.0
355 1176.0
356 1186.0
357 1196.0
358 1186.0
359 1196.0
360 1206.0
361 1216.0
362 1226.0
363 1216.0
364 1206.0
365 1216.0
366 1226.0
367 1216.0
368 1206.0
369 1196.0
370 1186.0
371 1176.0
372 1186.0
373 1176.0
374 1166.0
375 1156.0
376 1146.0
377 1156.0
378 1146.0
379 1156.0
380 1166.0
381 1156.0
382 1146.0
383 1136.0
384 1126.0
385 1136.0
386 1126.0
387 1116.0
388 1106.0
389 1116.0
390 1126.0
391 1136.0
392 1126.0
393 1116.0
394 1106.0
395 1116.0
396 1126.0
397 1116.0
398 1126.0
399 1116.0
400 1106.0
401 1096.0
402 1106.0
403 1116.0
404 1126.0
405 1116.0
406 1126.0
407 1136.0
408 1146.0
409 1136.0
410 1126.0
411 1136.0
412 1146.0
413 1136.0
414 1146.0
415 1136.0
416 1126.0
417 1116.0
418 1106.0
419 1116.0
420 1106.0
421 1096.0
422 1086.0
423 1096.0
424 1106.0
425 1116.0
426 1106.0
427 1096.0
428 1106.0
429 1116.0
430 1106.0
431 1116.0
432 1106.0
433 1096.0
434 1086.0
435 1076.0
436 1086.0
437 1076.0
438 1066.0
439 1076.0
440 1066.0
441 1056.0
442 1046.0
443 1036.0
444 1026.0
445 1016.0
446 1026.0
447 1036.0
448 1026.0
449 1036.0
450 1046.0
451 1036.0
452 1046.0
453 1056.0
454 1066.0
455 1076.0
456 1086.0
457 1096.0
458 1106.0
459 1096.0
460 1086.0
461 1076.0
462 1086.0
463 1076.0
464 1066.0
465 1076.0
466 1086.0
467 1096.0
468 1106.0
469 1096.0
470 1106.0
471 1096.0
472 1086.0
473 1096.0
474 1106.0
475 1116.0
476 1126.0
477 1136.0
478 1146.0
479 1136.0
480 1126.0
481 1136.0
482 1126.0
483 1136.0
484 1146.0
485 1136.0
486 1126.0
487 1136.0
488 1126.0
489 1116.0
490 1106.0
491 1116.0
492 1106.0
493 1116.0
494 1106.0
495 1096.0
496 1086.0
497 1076.0
498 1066.0
499 1076.0
500 1066.0
501 1076.0
502 1086.0
503 1096.0
504 1106.0
505 1096.0
506 1086.0
507 1076.0
508 1066.0
509 1076.0
510 1086.0
511 1076.0
512 1086.0
513 1096.0
514 1106.0
515 1096.0
516 1106.0
517 1096.0
518 1086.0
519 1076.0
520 1066.0
521 1056.0
522 1066.0
523 1076.0
524 1066.0
525 1076.0
526 1086.0
527 1076.0
528 1066.0
529 1076.0
530 1086.0
531 1076.0
532 1086.0
533 1076.0
534 1066.0
535 1076.0
536 1066.0
537 1056.0
538 1066.0
539 1056.0
540 1046.0
541 1056.0
542 1046.0
543 1036.0
544 1026.0
545 1016.0
546 1026.0
547 1036.0
548 1046.0
549 1056.0
550 1046.0
551 1036.0
552 1046.0
553 1036.0
554 1046.0
555 1036.0
556 1046.0
557 1036.0
558 1026.0
559 1036.0
560 1026.0
561 1016.0
562 1026.0
563 1036.0
564 1046.0
565 1056.0
566 1066.0
567 1076.0
568 1066.0
569 1056.0
570 1046.0
571 1036.0
572 1046.0
573 1056.0
574 1046.0
575 1036.0
576 1026.0
577 1016.0
578 1026.0
579 1016.0
580 1026.0
581 1036.0
582 1026.0
583 1036.0
584 1046.0
585 1056.0
586 1066.0
587 1076.0
588 1066.0
589 1056.0
590 1046.0
591 1056.0
592 1046.0
593 1036.0
594 1046.0
595 1036.0
596 1046.0
597 1056.0
598 1046.0
599 1036.0
600 1026.0
601 1016.0
602 1026.0
603 1016.0
604 1006.0
605 996.0
606 1006.0
607 996.0
608 1006.0
609 996.0
610 1006.0
611 996.0
612 986.0
613 976.0
614 966.0
615 976.0
616 966.0
617 976.0
618 986.0
619 996.0
620 986.0
621 976.0
622 966.0
623 976.0
624 966.0
625 956.0
626 946.0
627 956.0
628 946.0
629 936.0
630 946.0
631 936.0
632 946.0
633 936.0
634 926.0
635 916.0
636 926.0
637 936.0
638 946.0
639 956.0
640 946.0
641 956.0
642 966.0
643 976.0
644 986.0
645 996.0
646 1006.0
647 1016.0
648 1006.0
649 996.0
650 1006.0
651 996.0
652 986.0
653 976.0
654 966.0
655 956.0
656 946.0
657 956.0
658 946.0
659 956.0
660 946.0
661 936.0
662 946.0
663 956.0
664 966.0
665 956.0
666 946.0
667 956.0
668 966.0
669 976.0
670 986.0
671 976.0
672 966.0
673 956.0
674 946.0
675 936.0
676 926.0
677 916.0
678 926.0
679 936.0
680 926.0
681 916.0
682 926.0
683 936.0
684 946.0
685 956.0
686 966.0
687 976.0
688 986.0
689 976.0
690 966.0
691 976.0
692 986.0
693 976.0
694 986.0
695 996.0
696 1006.0
697 996.0
698 986.0
699 996.0
700 986.0
701 996.0
702 1006.0
703 1016.0
