0 300.0
1 297.5
2 290.0
3 295.5
4 301.0
5 298.5
6 300.0
7 292.5
8 297.0
9 301.5
10 302.0
11 302.5
12 303.0
13 303.5
14 304.0
15 304.5
16 305.0
17 305.5
18 303.0
19 295.5
20 301.0
21 306.5
22 307.0
23 307.5
24 308.0
25 305.5
26 307.0
27 299.5
28 304.0
29 308.5
30 309.0
31 309.5
32 310.0
33 310.5
34 311.0
35 311.5
36 312.0
37 312.5
38 313.0
39 313.5
40 314.0
41 314.5
42 312.0
43 313.5
44 315.0
45 315.5
46 313.0
47 314.5
48 316.0
49 316.5
50 317.0
51 317.5
52 315.0
53 316.5
54 318.0
55 315.5
56 317.0
57 318.5
58 319.0
59 319.5
60 320.0
61 320.5
62 321.0
63 321.5
64 322.0
65 322.5
66 320.0
67 321.5
68 314.0
69 318.5
70 323.0
71 323.5
72 324.0
73 324.5
74 325.0
75 325.5
76 326.0
77 326.5
78 327.0
79 327.5
80 328.0
81 328.5
82 329.0
83 329.5
84 327.0
85 328.5
86 330.0
87 327.5
88 329.0
89 330.5
90 331.0
91 331.5
92 332.0
93 332.5
94 333.0
95 333.5
96 334.0
97 334.5
98 335.0
99 335.5
100 336.0
101 333.5
102 335.0
103 336.5
104 337.0
105 337.5
106 338.0
107 335.5
108 337.0
109 329.5
110 334.0
111 338.5
112 339.0
113 339.5
114 340.0
115 337.5
116 339.0
117 340.5
118 341.0
119 341.5
120 339.0
121 340.5
122 342.0
123 342.5
124 343.0
125 343.5
126 344.0
127 344.5
128 345.0
129 345.5
130 343.0
131 344.5
132 346.0
133 346.5
134 347.0
135 347.5
136 348.0
137 348.5
138 346.0
139 347.5
140 349.0
141 349.5
142 350.0
