0 670.5
1 671.0
2 671.5
3 672.0
4 672.5
5 670.0
6 655.0
7 655.5
8 656.0
9 656.5
10 657.0
11 654.5
12 657.5
13 658.0
14 658.5
15 659.0
16 659.5
17 660.0
18 660.5
19 661.0
20 661.5
21 662.0
22 662.5
23 663.0
24 663.5
25 664.0
26 664.5
27 665.0
28 662.5
29 665.5
30 666.0
31 666.5
32 664.0
33 667.0
34 667.5
35 668.0
36 668.5
37 669.0
38 669.5
39 670.0
40 670.5
41 671.0
42 668.5
43 671.5
44 672.0
45 672.5
46 673.0
47 673.5
48 674.0
49 674.5
50 675.0
51 675.5
52 676.0
53 676.5
54 674.0
55 677.0
56 677.5
57 678.0
58 678.5
59 679.0
60 679.5
61 680.0
62 680.5
63 681.0
64 678.5
65 681.5
66 682.0
67 679.5
68 682.5
69 680.0
70 683.0
